test=fdsafdsa
#fdsafdsafdsa
int=-2342432
int8=12344444
int16=12345
int32=2132323223
int64=-21323232233232
uint=2342432
uint8=123
uint16=12345
uint32=2432323223
uint64=21323232233232
float32=0.12345678901234567890
float64=0.12345678901234567890
bool=2222

fdsafdsafdsa
!fdsafdas
test=fdsafdsa